3 63 44 1 10 
3 1 127 63 12 
3 30 31 32 99 
3 32 173 30 101 
3 30 259 110 106 
3 259 30 173 107 
3 32 103 116 109 
3 46 62 33 115 
3 84 44 63 142 
3 87 45 60 145 
3 92 45 87 146 
3 62 46 92 148 
3 136 47 86 151 
3 47 136 127 152 
3 84 87 60 170 
3 87 62 92 175 
3 62 87 254 176 
3 84 63 149 178 
3 63 127 188 179 
3 149 63 189 180 
3 63 188 189 181 
3 103 73 116 198 
3 84 149 87 237 
3 136 86 183 242 
3 183 86 220 244 
3 87 149 257 245 
3 87 255 254 246 
3 87 257 255 247 
3 97 285 98 273 
3 97 217 285 275 
3 179 98 393 280 
3 285 393 98 281 
3 110 259 218 307 
3 127 136 188 346 
3 136 183 182 358 
3 182 188 136 359 
3 173 318 259 421 
3 393 279 179 427 
3 183 329 181 432 
3 279 181 329 433 
3 183 220 329 439 
3 217 215 285 512 
3 368 215 218 513 
3 285 215 368 514 
3 259 365 218 515 
3 218 365 368 516 
3 329 220 279 518 
3 259 318 365 600 
3 279 393 451 636 
3 285 368 437 646 
3 393 285 438 647 
3 285 437 438 648 
3 451 393 438 839 
