3 135 425 131 388 
3 409 131 408 391 
3 131 425 408 392 
3 177 190 411 472 
3 413 177 411 474 
3 188 189 190 496 
3 418 189 188 497 
3 190 189 411 502 
3 267 268 189 503 
3 418 267 189 504 
3 411 189 268 505 
3 268 267 273 644 
3 399 273 267 645 
3 399 267 400 646 
3 418 400 267 647 
3 410 268 273 648 
3 268 402 403 649 
3 402 268 407 650 
3 403 411 268 651 
3 407 268 410 652 
3 402 417 403 858 
3 402 407 408 859 
3 425 402 408 860 
3 402 425 417 861 
3 403 413 411 862 
3 412 413 403 863 
3 408 407 409 867 
3 409 407 410 868 
