3 0 25 5 130 
3 5 25 30 131 
3 5 35 10 134 
3 5 30 35 135 
3 10 35 15 138 
3 15 35 40 139 
3 15 45 20 142 
3 15 40 45 143 
3 25 55 30 146 
3 25 50 55 147 
3 30 55 35 150 
3 35 55 60 151 
3 35 65 40 154 
3 35 60 65 155 
3 40 65 45 158 
3 45 65 70 159 
3 50 75 55 162 
3 55 75 80 163 
3 55 85 60 166 
3 55 80 85 167 
3 60 85 65 170 
3 65 85 90 171 
3 65 95 70 174 
3 65 90 95 175 
3 75 105 80 178 
3 75 100 105 179 
3 80 105 85 182 
3 85 105 110 183 
3 85 115 90 186 
3 85 110 115 187 
3 90 115 95 190 
3 95 115 120 191 
