3 531 548 559 992
3 556 567 559 1032
3 567 569 559 1036
3 535 484 483 912
3 548 521 484 913
3 132 122 134 18
3 321 404 352 530
3 403 405 321 531
3 405 404 321 532
3 484 535 548 914
3 124 140 133 23
3 142 140 124 25
3 379 484 381 665
3 483 484 379 666
3 567 575 569 1049
3 181 180 204 160
3 386 360 327 545
3 204 180 205 162
3 204 191 181 163
3 519 504 503 936
3 150 132 134 43
3 274 327 360 427
3 134 133 146 45
3 146 133 140 46
3 151 134 146 47
3 150 134 151 48
3 386 385 450 684
3 408 386 450 688
3 518 507 538 941
3 291 379 278 438
3 244 192 191 190
3 245 191 204 191
3 245 244 191 192
3 543 519 518 962
3 544 518 538 963
3 544 543 518 964
3 321 352 282 453
3 547 519 543 966
3 503 450 463 839
3 244 245 327 330
3 274 244 327 331
3 290 353 291 466
3 352 353 290 467
3 353 379 291 468
3 405 403 468 728
3 413 430 403 729
3 150 151 180 91
3 181 156 150 92
3 181 150 180 93
3 180 151 173 94
3 404 353 352 605
3 353 483 379 606
3 404 483 353 607
3 405 532 404 731
3 404 535 483 732
3 532 535 404 733
3 503 408 450 740
3 504 408 503 741
3 503 463 519 865
3 463 518 519 866
3 156 181 191 105
3 535 556 548 998
3 360 386 408 619
3 555 556 535 999
3 544 538 537 1001
3 554 544 537 1002
3 539 563 554 1003
3 569 539 559 1004
3 563 539 569 1005
3 543 544 562 1011
3 563 544 554 1013
3 562 544 563 1014
3 531 559 539 991
3 556 559 548 1021
