3 134 224 119 295 
3 211 119 213 296 
3 119 212 213 297 
3 119 224 212 298 
3 224 134 230 327 
3 211 213 286 483 
3 213 212 215 484 
3 212 214 215 485 
3 212 225 214 486 
3 224 225 212 487 
3 213 215 287 488 
3 213 287 286 489 
3 215 214 217 490 
3 214 216 217 491 
3 214 226 216 492 
3 225 226 214 493 
3 215 217 288 494 
3 215 288 287 495 
3 217 216 219 496 
3 216 218 219 497 
3 216 227 218 498 
3 226 227 216 499 
3 217 219 289 500 
3 217 289 288 501 
3 219 218 221 502 
3 218 220 221 503 
3 218 228 220 504 
3 227 228 218 505 
3 219 221 290 506 
3 219 290 289 507 
3 221 220 228 508 
3 228 294 221 509 
3 221 291 290 510 
3 294 291 221 511 
3 225 224 231 515 
3 231 224 230 516 
3 226 225 232 517 
3 232 225 231 518 
3 226 299 227 519 
3 232 298 226 520 
3 226 298 299 521 
3 227 300 228 522 
3 227 299 300 523 
3 228 300 294 524 
3 230 296 231 528 
3 231 297 232 530 
3 231 296 297 531 
3 232 297 298 532 
3 286 287 355 636 
3 353 286 355 638 
3 287 288 356 639 
3 355 287 356 640 
3 288 289 357 641 
3 356 288 357 642 
3 289 290 358 643 
3 357 289 358 644 
3 358 290 291 645 
3 358 291 294 646 
3 300 358 294 650 
3 297 296 361 654 
3 298 297 363 658 
3 363 297 361 659 
3 298 356 299 660 
3 355 356 298 661 
3 363 355 298 662 
3 299 357 300 663 
3 356 357 299 664 
3 357 358 300 665 
3 353 355 363 764 
3 361 353 363 765 
